# Minecraft Steve-style blocky character (precise proportions)
# Proportions: head 0.6x0.6x0.6, torso 0.6x0.9x0.4, arms 0.18x0.6x0.18, legs 0.2x0.8x0.18

# Head (0.6 x 0.6 x 0.6) - from Y=1.2 to Y=1.8
v -0.3 1.2 -0.3
v 0.3 1.2 -0.3
v 0.3 1.8 -0.3
v -0.3 1.8 -0.3
v -0.3 1.2 0.3
v 0.3 1.2 0.3
v 0.3 1.8 0.3
v -0.3 1.8 0.3

# Head faces (front, back, top, bottom, left, right)
f 1 2 3 4
f 5 8 7 6
f 4 3 7 8
f 1 5 6 2
f 1 4 8 5
f 2 6 7 3

# Torso (0.6 x 0.9 x 0.4) - from Y=0.3 to Y=1.2
v -0.3 0.3 -0.2
v 0.3 0.3 -0.2
v 0.3 1.2 -0.2
v -0.3 1.2 -0.2
v -0.3 0.3 0.2
v 0.3 0.3 0.2
v 0.3 1.2 0.2
v -0.3 1.2 0.2

# Torso faces
f 9 10 11 12
f 13 16 15 14
f 12 11 15 16
f 9 13 14 10
f 9 12 16 13
f 10 14 15 11

# Left Arm (0.18 x 0.6 x 0.18) - from X=-0.6 to X=-0.42
v -0.6 0.6 -0.09
v -0.42 0.6 -0.09
v -0.42 1.2 -0.09
v -0.6 1.2 -0.09
v -0.6 0.6 0.09
v -0.42 0.6 0.09
v -0.42 1.2 0.09
v -0.6 1.2 0.09

# Left Arm faces
f 17 18 19 20
f 21 24 23 22
f 20 19 23 24
f 17 21 22 18
f 17 20 24 21
f 18 22 23 19

# Right Arm (0.18 x 0.6 x 0.18) - from X=0.42 to X=0.6
v 0.42 0.6 -0.09
v 0.6 0.6 -0.09
v 0.6 1.2 -0.09
v 0.42 1.2 -0.09
v 0.42 0.6 0.09
v 0.6 0.6 0.09
v 0.6 1.2 0.09
v 0.42 1.2 0.09

# Right Arm faces
f 25 26 27 28
f 29 32 31 30
f 28 27 31 32
f 25 29 30 26
f 25 28 32 29
f 26 30 31 27

# Left Leg (0.2 x 0.8 x 0.18) - from Y=-0.5 to Y=0.3
v -0.1 -0.5 -0.09
v 0.1 -0.5 -0.09
v 0.1 0.3 -0.09
v -0.1 0.3 -0.09
v -0.1 -0.5 0.09
v 0.1 -0.5 0.09
v 0.1 0.3 0.09
v -0.1 0.3 0.09

# Left Leg faces
f 33 34 35 36
f 37 40 39 38
f 36 35 39 40
f 33 37 38 34
f 33 36 40 37
f 34 38 39 35

# Right Leg (0.2 x 0.8 x 0.18) - from X=0.1 to X=0.3
v 0.1 -0.5 -0.09
v 0.3 -0.5 -0.09
v 0.3 0.3 -0.09
v 0.1 0.3 -0.09
v 0.1 -0.5 0.09
v 0.3 -0.5 0.09
v 0.3 0.3 0.09
v 0.1 0.3 0.09

# Right Leg faces
f 41 42 43 44
f 45 48 47 46
f 44 43 47 48
f 41 45 46 42
f 41 44 48 45
f 42 46 47 43

# Right arm
v 0.40 0.75 0.18
v 0.65 0.75 0.18
v 0.65 1.35 0.18
v 0.40 1.35 0.18
v 0.40 0.75 -0.18
v 0.65 0.75 -0.18
v 0.65 1.35 -0.18
v 0.40 1.35 -0.18
f 25 26 27 28
f 26 30 31 27
f 30 29 32 31
f 29 25 28 32
f 28 27 31 32
f 29 30 26 25

# Left leg
v -0.30 0.00 0.16
v -0.10 0.00 0.16
v -0.10 0.60 0.16
v -0.30 0.60 0.16
v -0.30 0.00 -0.16
v -0.10 0.00 -0.16
v -0.10 0.60 -0.16
v -0.30 0.60 -0.16
f 33 34 35 36
f 34 38 39 35
f 38 37 40 39
f 37 33 36 40
f 36 35 39 40
f 37 38 34 33

# Right leg
v 0.10 0.00 0.16
v 0.30 0.00 0.16
v 0.30 0.60 0.16
v 0.10 0.60 0.16
v 0.10 0.00 -0.16
v 0.30 0.00 -0.16
v 0.30 0.60 -0.16
v 0.10 0.60 -0.16
f 41 42 43 44
f 42 46 47 43
f 46 45 48 47
f 45 41 44 48
f 44 43 47 48
f 45 46 42 41
